0.982950	0.969300	3476.000000	3391.500000
0.985200	0.967250	2859.500000	2770.500000
0.030400	0.000000	0.000000	0.000000
0.015400	0.000000	0.000000	0.000000
0.948100	0.887600	1044.500000	926.000000
0.977100	0.951200	2421.500000	2302.500000
0.971450	0.948000	2163.000000	2053.000000
0.025250	0.000000	0.000000	0.000000
0.986600	0.972250	5014.000000	4871.500000
0.018350	0.014650	2472.000000	37.000000
0.038300	0.000000	0.000000	0.000000
0.061150	0.062000	2468.500000	163.000000
0.982650	0.970550	4449.000000	4316.000000
0.976200	0.957900	3280.000000	3150.000000
0.014200	0.000000	0.000000	0.000000
0.016800	0.000000	0.000000	0.000000
0.985700	0.976850	4905.500000	4792.500000
0.014350	0.000000	0.000000	0.000000
0.014200	0.000000	0.000000	0.000000
0.983500	0.972800	4240.500000	4122.500000
0.049250	0.000000	0.000000	0.000000
0.017650	0.000000	0.000000	0.000000
0.036500	0.000000	0.000000	0.000000
0.014300	0.000000	0.000000	0.000000
